_viz_config[A].pos=(0.3979591836734695, 0.3726984126984127)
_viz_config[A].size=(0.09433962264150943, 0.07874015748031496)
_viz_config[B].pos=(0.7015306122448981, 0.5822222222222223)
_viz_config[B].size=(0.09433962264150943, 0.07874015748031496)
_viz_config[C].pos=(0.48113207547169806, 0.15748031496062992)
_viz_config[C].size=(0.09433962264150943, 0.07874015748031496)
_viz_0 = nengo_gui.components.Value(B)
_viz_config[_viz_0].synapse = 0.01
_viz_config[_viz_0].max_value = 1
_viz_config[_viz_0].min_value = -1
_viz_config[_viz_0].legend_labels = [u'label_0']
_viz_config[_viz_0].height = 0.19047619047619047
_viz_config[_viz_0].label_visible = True
_viz_config[_viz_0].width = 0.12755102040816327
_viz_config[_viz_0].show_legend = False
_viz_config[_viz_0].y = 0.7492063492063483
_viz_config[_viz_0].x = 0.8292890326862465
_viz_1 = nengo_gui.components.Value(A)
_viz_config[_viz_1].synapse = 0.01
_viz_config[_viz_1].max_value = 1
_viz_config[_viz_1].min_value = -1
_viz_config[_viz_1].legend_labels = [u'label_0']
_viz_config[_viz_1].height = 0.19047619047619047
_viz_config[_viz_1].label_visible = True
_viz_config[_viz_1].width = 0.12755102040816327
_viz_config[_viz_1].show_legend = False
_viz_config[_viz_1].y = 0.36444444444444435
_viz_config[_viz_1].x = 0.8129251700680278
_viz_2 = nengo_gui.components.Value(C)
_viz_config[_viz_2].synapse = 0.01
_viz_config[_viz_2].max_value = 1
_viz_config[_viz_2].min_value = -1
_viz_config[_viz_2].legend_labels = [u'label_0']
_viz_config[_viz_2].height = 0.19047619047619047
_viz_config[_viz_2].label_visible = True
_viz_config[_viz_2].width = 0.12755102040816327
_viz_config[_viz_2].show_legend = False
_viz_config[_viz_2].y = 0.5930158730158731
_viz_config[_viz_2].x = 0.5335884353741495
_viz_ace_editor = nengo_gui.components.AceEditor()
_viz_net_graph = nengo_gui.components.NetGraph()
_viz_sim_control = nengo_gui.components.SimControl()
_viz_config[_viz_sim_control].kept_time = 4.0
_viz_config[_viz_sim_control].shown_time = 0.5
_viz_config[inhib].pos=(0.12264150943396226, 0.39370078740157477)
_viz_config[inhib].size=(0.07547169811320754, 0.06299212598425197)
_viz_config[model].pos=(1.913041438252165, 2.0898183309613576)
_viz_config[model].size=(0.23976927046748006, 0.23976927046748006)
_viz_config[model].expanded=True
_viz_config[model].has_layout=True
_viz_config[sin].pos=(0.12264150943396226, 0.858267716535433)
_viz_config[sin].size=(0.07547169811320754, 0.06299212598425197)