_viz_0 = nengo_gui.components.Slider(turn_input)
_viz_config[_viz_0].label_visible = True
_viz_config[_viz_0].width = 0.06377551020408163
_viz_config[_viz_0].x = 0.31237248432410386
_viz_config[_viz_0].y = 0.7422731891076861
_viz_config[_viz_0].max_value = 1
_viz_config[_viz_0].min_value = -1
_viz_config[_viz_0].height = 0.19047619047619047
_viz_1 = nengo_gui.components.Value(turn_node)
_viz_config[_viz_1].synapse = 0.01
_viz_config[_viz_1].max_value = 1
_viz_config[_viz_1].min_value = -1
_viz_config[_viz_1].legend_labels = [u'label_0']
_viz_config[_viz_1].height = 0.19736243559274477
_viz_config[_viz_1].label_visible = True
_viz_config[_viz_1].width = 0.12417451120864166
_viz_config[_viz_1].show_legend = False
_viz_config[_viz_1].y = 0.21349117043632185
_viz_config[_viz_1].x = 0.8195452790054097
_viz_2 = nengo_gui.components.Value(turn_neurons)
_viz_config[_viz_2].synapse = 0.01
_viz_config[_viz_2].max_value = 1
_viz_config[_viz_2].min_value = -1
_viz_config[_viz_2].legend_labels = [u'label_0']
_viz_config[_viz_2].height = 0.21688179735466456
_viz_config[_viz_2].label_visible = True
_viz_config[_viz_2].width = 0.14523334644285574
_viz_config[_viz_2].show_legend = False
_viz_config[_viz_2].y = 0.0898139310345552
_viz_config[_viz_2].x = 0.3649153942983867
_viz_ace_editor = nengo_gui.components.AceEditor()
_viz_net_graph = nengo_gui.components.NetGraph()
_viz_sim_control = nengo_gui.components.SimControl()
_viz_config[_viz_sim_control].kept_time = 4.0
_viz_config[_viz_sim_control].shown_time = 0.5
_viz_config[model].pos=(0.09000303951658473, 0.13123586618601635)
_viz_config[model].size=(0.8782488562869419, 0.8782488562869419)
_viz_config[model].expanded=True
_viz_config[model].has_layout=True
_viz_config[turn_input].pos=(0.10566597842572857, 0.49093198948276573)
_viz_config[turn_input].size=(0.07843137254901959, 0.12121212121212119)
_viz_config[turn_neurons].pos=(0.44115619434353914, 0.2744655654191337)
_viz_config[turn_neurons].size=(0.09803921568627451, 0.1515151515151515)
_viz_config[turn_node].pos=(0.8827531012404959, 0.5293506493506505)
_viz_config[turn_node].size=(0.07843137254901959, 0.12121212121212119)